---
version: 2
money:
  knminer: 1000.000000
  seen: 1000.000000
  tajakivn: 1000.000000
  fanherobrine: 1000.000000
  pocketminecoder1: 1000.000000
  yuki: 1000.000000
  maxloveblood: 1000.000000
  harold: 1000.000000
...
